RINGS
det   ch   corner   x_fl   y_fl   z_fl   r_fl   t_fl   p_fl   x_ti   y_ti   z_ti   r_ti   t_ti   p_ti
0   0    0        1.78297 3.46928 0 3.90062 90 62.8 3.00456 1.10206 -10.22 10.7093 162.613 20.1428
0   0    1        -1.78297 3.46928 0 3.90062 90 117.2 0.11966 3.19806 -10.22 10.7093 162.613 87.8572
0   0    2        -1.49014 2.8995 0 3.26 90 117.2 0.100008 2.67282 -10.5862 10.9189 165.821 87.8572
0   0    3        1.49014 2.8995 0 3.26 90 62.8 2.5111 0.921061 -10.5862 10.9189 165.821 20.1428
0   1    0        2.0758 4.03906 0 4.54125 90 62.8 3.49802 1.28306 -9.85374 10.5346 159.287 20.1428
0   1    1        -2.0758 4.03906 0 4.54125 90 117.2 0.139313 3.7233 -9.85374 10.5346 159.287 87.8572
0   1    2        -1.78297 3.46928 0 3.90062 90 117.2 0.11966 3.19806 -10.22 10.7093 162.613 87.8572
0   1    3        1.78297 3.46928 0 3.90062 90 62.8 3.00456 1.10206 -10.22 10.7093 162.613 20.1428
0   2    0        2.36862 4.60884 0 5.18187 90 62.8 3.99148 1.46406 -9.48749 10.3965 155.862 20.1428
0   2    1        -2.36862 4.60884 0 5.18187 90 117.2 0.158965 4.24854 -9.48749 10.3965 155.862 87.8572
0   2    2        -2.0758 4.03906 0 4.54125 90 117.2 0.139313 3.7233 -9.85374 10.5346 159.287 87.8572
0   2    3        2.0758 4.03906 0 4.54125 90 62.8 3.49802 1.28306 -9.85374 10.5346 159.287 20.1428
0   3    0        2.66145 5.17863 0 5.8225 90 62.8 4.48494 1.64505 -9.12124 10.2965 152.357 20.1428
0   3    1        -2.66145 5.17863 0 5.8225 90 117.2 0.178618 4.77378 -9.12124 10.2965 152.357 87.8572
0   3    2        -2.36862 4.60884 0 5.18187 90 117.2 0.158965 4.24854 -9.48749 10.3965 155.862 87.8572
0   3    3        2.36862 4.60884 0 5.18187 90 62.8 3.99148 1.46406 -9.48749 10.3965 155.862 20.1428
0   4    0        2.95428 5.74841 0 6.46312 90 62.8 4.9784 1.82605 -8.75499 10.2357 148.798 20.1428
0   4    1        -2.95428 5.74841 0 6.46312 90 117.2 0.19827 5.29902 -8.75499 10.2357 148.798 87.8572
0   4    2        -2.66145 5.17863 0 5.8225 90 117.2 0.178618 4.77378 -9.12124 10.2965 152.357 87.8572
0   4    3        2.66145 5.17863 0 5.8225 90 62.8 4.48494 1.64505 -9.12124 10.2965 152.357 20.1428
0   5    0        3.24711 6.31819 0 7.10375 90 62.8 5.47186 2.00705 -8.38874 10.2147 145.209 20.1428
0   5    1        -3.24711 6.31819 0 7.10375 90 117.2 0.217923 5.82426 -8.38874 10.2147 145.209 87.8572
0   5    2        -2.95428 5.74841 0 6.46312 90 117.2 0.19827 5.29902 -8.75499 10.2357 148.798 87.8572
0   5    3        2.95428 5.74841 0 6.46312 90 62.8 4.9784 1.82605 -8.75499 10.2357 148.798 20.1428
0   6    0        3.53994 6.88797 0 7.74438 90 62.8 5.96532 2.18805 -8.0225 10.2339 141.62 20.1428
0   6    1        -3.53994 6.88797 0 7.74438 90 117.2 0.237576 6.3495 -8.0225 10.2339 141.62 87.8572
0   6    2        -3.24711 6.31819 0 7.10375 90 117.2 0.217923 5.82426 -8.38874 10.2147 145.209 87.8572
0   6    3        3.24711 6.31819 0 7.10375 90 62.8 5.47186 2.00705 -8.38874 10.2147 145.209 20.1428
0   7    0        3.83277 7.45776 0 8.385 90 62.8 6.45877 2.36905 -7.65625 10.293 138.059 20.1428
0   7    1        -3.83277 7.45776 0 8.385 90 117.2 0.257228 6.87474 -7.65625 10.293 138.059 87.8572
0   7    2        -3.53994 6.88797 0 7.74438 90 117.2 0.237576 6.3495 -8.0225 10.2339 141.62 87.8572
0   7    3        3.53994 6.88797 0 7.74438 90 62.8 5.96532 2.18805 -8.0225 10.2339 141.62 20.1428
0   8    0        4.12559 8.02754 0 9.02562 90 62.8 6.95223 2.55005 -7.29 10.3914 134.551 20.1428
0   8    1        -4.12559 8.02754 0 9.02562 90 117.2 0.276881 7.39997 -7.29 10.3914 134.551 87.8572
0   8    2        -3.83277 7.45776 0 8.385 90 117.2 0.257228 6.87474 -7.65625 10.293 138.059 87.8572
0   8    3        3.83277 7.45776 0 8.385 90 62.8 6.45877 2.36905 -7.65625 10.293 138.059 20.1428
0   9    0        4.41842 8.59732 0 9.66625 90 62.8 7.44569 2.73105 -6.92375 10.5278 131.122 20.1428
0   9    1        -4.41842 8.59732 0 9.66625 90 117.2 0.296533 7.92521 -6.92375 10.5278 131.122 87.8572
0   9    2        -4.12559 8.02754 0 9.02562 90 117.2 0.276881 7.39997 -7.29 10.3914 134.551 87.8572
0   9    3        4.12559 8.02754 0 9.02562 90 62.8 6.95223 2.55005 -7.29 10.3914 134.551 20.1428
0   10    0        4.71125 9.1671 0 10.3069 90 62.8 7.93915 2.91204 -6.5575 10.701 127.792 20.1428
0   10    1        -4.71125 9.1671 0 10.3069 90 117.2 0.316186 8.45045 -6.5575 10.701 127.792 87.8572
0   10    2        -4.41842 8.59732 0 9.66625 90 117.2 0.296533 7.92521 -6.92375 10.5278 131.122 87.8572
0   10    3        4.41842 8.59732 0 9.66625 90 62.8 7.44569 2.73105 -6.92375 10.5278 131.122 20.1428
0   11    0        5.00408 9.73689 0 10.9475 90 62.8 8.43261 3.09304 -6.19125 10.9091 124.578 20.1428
0   11    1        -5.00408 9.73689 0 10.9475 90 117.2 0.335839 8.97569 -6.19125 10.9091 124.578 87.8572
0   11    2        -4.71125 9.1671 0 10.3069 90 117.2 0.316186 8.45045 -6.5575 10.701 127.792 87.8572
0   11    3        4.71125 9.1671 0 10.3069 90 62.8 7.93915 2.91204 -6.5575 10.701 127.792 20.1428
0   12    0        5.29691 10.3067 0 11.5881 90 62.8 8.92607 3.27404 -5.825 11.1501 121.495 20.1428
0   12    1        -5.29691 10.3067 0 11.5881 90 117.2 0.355491 9.50093 -5.825 11.1501 121.495 87.8572
0   12    2        -5.00408 9.73689 0 10.9475 90 117.2 0.335839 8.97569 -6.19125 10.9091 124.578 87.8572
0   12    3        5.00408 9.73689 0 10.9475 90 62.8 8.43261 3.09304 -6.19125 10.9091 124.578 20.1428
0   13    0        5.58974 10.8765 0 12.2287 90 62.8 9.41953 3.45504 -5.45875 11.422 118.549 20.1428
0   13    1        -5.58974 10.8765 0 12.2287 90 117.2 0.375144 10.0262 -5.45875 11.422 118.549 87.8572
0   13    2        -5.29691 10.3067 0 11.5881 90 117.2 0.355491 9.50093 -5.825 11.1501 121.495 87.8572
0   13    3        5.29691 10.3067 0 11.5881 90 62.8 8.92607 3.27404 -5.825 11.1501 121.495 20.1428
0   14    0        5.88256 11.4462 0 12.8694 90 62.8 9.91299 3.63604 -5.0925 11.7227 115.748 20.1428
0   14    1        -5.88256 11.4462 0 12.8694 90 117.2 0.394796 10.5514 -5.0925 11.7227 115.748 87.8572
0   14    2        -5.58974 10.8765 0 12.2287 90 117.2 0.375144 10.0262 -5.45875 11.422 118.549 87.8572
0   14    3        5.58974 10.8765 0 12.2287 90 62.8 9.41953 3.45504 -5.45875 11.422 118.549 20.1428
0   15    0        6.17539 12.016 0 13.51 90 62.8 10.4064 3.81704 -4.72625 12.05 113.093 20.1428
0   15    1        -6.17539 12.016 0 13.51 90 117.2 0.414449 11.0766 -4.72625 12.05 113.093 87.8572
0   15    2        -5.88256 11.4462 0 12.8694 90 117.2 0.394796 10.5514 -5.0925 11.7227 115.748 87.8572
0   15    3        5.88256 11.4462 0 12.8694 90 62.8 9.91299 3.63604 -5.0925 11.7227 115.748 20.1428
1   0    0        1.78297 3.46928 0 3.90062 90 62.8 1.97658 -2.51695 -10.22 10.7093 162.613 308.143
1   0    1        -1.78297 3.46928 0 3.90062 90 117.2 3.07852 0.874452 -10.22 10.7093 162.613 15.8572
1   0    2        -1.49014 2.8995 0 3.26 90 117.2 2.57291 0.730835 -10.5862 10.9189 165.821 15.8572
1   0    3        1.49014 2.8995 0 3.26 90 62.8 1.65195 -2.10358 -10.5862 10.9189 165.821 308.143
1   1    0        2.0758 4.03906 0 4.54125 90 62.8 2.30121 -2.93033 -9.85374 10.5346 159.287 308.143
1   1    1        -2.0758 4.03906 0 4.54125 90 117.2 3.58412 1.01807 -9.85374 10.5346 159.287 15.8572
1   1    2        -1.78297 3.46928 0 3.90062 90 117.2 3.07852 0.874452 -10.22 10.7093 162.613 15.8572
1   1    3        1.78297 3.46928 0 3.90062 90 62.8 1.97658 -2.51695 -10.22 10.7093 162.613 308.143
1   2    0        2.36862 4.60884 0 5.18187 90 62.8 2.62584 -3.3437 -9.48749 10.3965 155.862 308.143
1   2    1        -2.36862 4.60884 0 5.18187 90 117.2 4.08973 1.16169 -9.48749 10.3965 155.862 15.8572
1   2    2        -2.0758 4.03906 0 4.54125 90 117.2 3.58412 1.01807 -9.85374 10.5346 159.287 15.8572
1   2    3        2.0758 4.03906 0 4.54125 90 62.8 2.30121 -2.93033 -9.85374 10.5346 159.287 308.143
1   3    0        2.66145 5.17863 0 5.8225 90 62.8 2.95046 -3.75708 -9.12124 10.2965 152.357 308.143
1   3    1        -2.66145 5.17863 0 5.8225 90 117.2 4.59533 1.3053 -9.12124 10.2965 152.357 15.8572
1   3    2        -2.36862 4.60884 0 5.18187 90 117.2 4.08973 1.16169 -9.48749 10.3965 155.862 15.8572
1   3    3        2.36862 4.60884 0 5.18187 90 62.8 2.62584 -3.3437 -9.48749 10.3965 155.862 308.143
1   4    0        2.95428 5.74841 0 6.46312 90 62.8 3.27509 -4.17046 -8.75499 10.2357 148.798 308.143
1   4    1        -2.95428 5.74841 0 6.46312 90 117.2 5.10094 1.44892 -8.75499 10.2357 148.798 15.8572
1   4    2        -2.66145 5.17863 0 5.8225 90 117.2 4.59533 1.3053 -9.12124 10.2965 152.357 15.8572
1   4    3        2.66145 5.17863 0 5.8225 90 62.8 2.95046 -3.75708 -9.12124 10.2965 152.357 308.143
1   5    0        3.24711 6.31819 0 7.10375 90 62.8 3.59972 -4.58383 -8.38874 10.2147 145.209 308.143
1   5    1        -3.24711 6.31819 0 7.10375 90 117.2 5.60654 1.59254 -8.38874 10.2147 145.209 15.8572
1   5    2        -2.95428 5.74841 0 6.46312 90 117.2 5.10094 1.44892 -8.75499 10.2357 148.798 15.8572
1   5    3        2.95428 5.74841 0 6.46312 90 62.8 3.27509 -4.17046 -8.75499 10.2357 148.798 308.143
1   6    0        3.53994 6.88797 0 7.74438 90 62.8 3.92434 -4.99721 -8.0225 10.2339 141.62 308.143
1   6    1        -3.53994 6.88797 0 7.74438 90 117.2 6.11215 1.73615 -8.0225 10.2339 141.62 15.8572
1   6    2        -3.24711 6.31819 0 7.10375 90 117.2 5.60654 1.59254 -8.38874 10.2147 145.209 15.8572
1   6    3        3.24711 6.31819 0 7.10375 90 62.8 3.59972 -4.58383 -8.38874 10.2147 145.209 308.143
1   7    0        3.83277 7.45776 0 8.385 90 62.8 4.24897 -5.41058 -7.65625 10.293 138.059 308.143
1   7    1        -3.83277 7.45776 0 8.385 90 117.2 6.61775 1.87977 -7.65625 10.293 138.059 15.8572
1   7    2        -3.53994 6.88797 0 7.74438 90 117.2 6.11215 1.73615 -8.0225 10.2339 141.62 15.8572
1   7    3        3.53994 6.88797 0 7.74438 90 62.8 3.92434 -4.99721 -8.0225 10.2339 141.62 308.143
1   8    0        4.12559 8.02754 0 9.02562 90 62.8 4.5736 -5.82396 -7.29 10.3914 134.551 308.143
1   8    1        -4.12559 8.02754 0 9.02562 90 117.2 7.12335 2.02339 -7.29 10.3914 134.551 15.8572
1   8    2        -3.83277 7.45776 0 8.385 90 117.2 6.61775 1.87977 -7.65625 10.293 138.059 15.8572
1   8    3        3.83277 7.45776 0 8.385 90 62.8 4.24897 -5.41058 -7.65625 10.293 138.059 308.143
1   9    0        4.41842 8.59732 0 9.66625 90 62.8 4.89822 -6.23733 -6.92375 10.5278 131.122 308.143
1   9    1        -4.41842 8.59732 0 9.66625 90 117.2 7.62896 2.16701 -6.92375 10.5278 131.122 15.8572
1   9    2        -4.12559 8.02754 0 9.02562 90 117.2 7.12335 2.02339 -7.29 10.3914 134.551 15.8572
1   9    3        4.12559 8.02754 0 9.02562 90 62.8 4.5736 -5.82396 -7.29 10.3914 134.551 308.143
1   10    0        4.71125 9.1671 0 10.3069 90 62.8 5.22285 -6.65071 -6.5575 10.701 127.792 308.143
1   10    1        -4.71125 9.1671 0 10.3069 90 117.2 8.13456 2.31062 -6.5575 10.701 127.792 15.8572
1   10    2        -4.41842 8.59732 0 9.66625 90 117.2 7.62896 2.16701 -6.92375 10.5278 131.122 15.8572
1   10    3        4.41842 8.59732 0 9.66625 90 62.8 4.89822 -6.23733 -6.92375 10.5278 131.122 308.143
1   11    0        5.00408 9.73689 0 10.9475 90 62.8 5.54748 -7.06409 -6.19125 10.9091 124.578 308.143
1   11    1        -5.00408 9.73689 0 10.9475 90 117.2 8.64017 2.45424 -6.19125 10.9091 124.578 15.8572
1   11    2        -4.71125 9.1671 0 10.3069 90 117.2 8.13456 2.31062 -6.5575 10.701 127.792 15.8572
1   11    3        4.71125 9.1671 0 10.3069 90 62.8 5.22285 -6.65071 -6.5575 10.701 127.792 308.143
1   12    0        5.29691 10.3067 0 11.5881 90 62.8 5.8721 -7.47746 -5.825 11.1501 121.495 308.143
1   12    1        -5.29691 10.3067 0 11.5881 90 117.2 9.14577 2.59786 -5.825 11.1501 121.495 15.8572
1   12    2        -5.00408 9.73689 0 10.9475 90 117.2 8.64017 2.45424 -6.19125 10.9091 124.578 15.8572
1   12    3        5.00408 9.73689 0 10.9475 90 62.8 5.54748 -7.06409 -6.19125 10.9091 124.578 308.143
1   13    0        5.58974 10.8765 0 12.2287 90 62.8 6.19673 -7.89084 -5.45875 11.422 118.549 308.143
1   13    1        -5.58974 10.8765 0 12.2287 90 117.2 9.65138 2.74147 -5.45875 11.422 118.549 15.8572
1   13    2        -5.29691 10.3067 0 11.5881 90 117.2 9.14577 2.59786 -5.825 11.1501 121.495 15.8572
1   13    3        5.29691 10.3067 0 11.5881 90 62.8 5.8721 -7.47746 -5.825 11.1501 121.495 308.143
1   14    0        5.88256 11.4462 0 12.8694 90 62.8 6.52136 -8.30421 -5.0925 11.7227 115.748 308.143
1   14    1        -5.88256 11.4462 0 12.8694 90 117.2 10.157 2.88509 -5.0925 11.7227 115.748 15.8572
1   14    2        -5.58974 10.8765 0 12.2287 90 117.2 9.65138 2.74147 -5.45875 11.422 118.549 15.8572
1   14    3        5.58974 10.8765 0 12.2287 90 62.8 6.19673 -7.89084 -5.45875 11.422 118.549 308.143
1   15    0        6.17539 12.016 0 13.51 90 62.8 6.84599 -8.71759 -4.72625 12.05 113.093 308.143
1   15    1        -6.17539 12.016 0 13.51 90 117.2 10.6626 3.02871 -4.72625 12.05 113.093 15.8572
1   15    2        -5.88256 11.4462 0 12.8694 90 117.2 10.157 2.88509 -5.0925 11.7227 115.748 15.8572
1   15    3        5.88256 11.4462 0 12.8694 90 62.8 6.52136 -8.30421 -5.0925 11.7227 115.748 308.143
2   0    0        1.78297 3.46928 0 3.90062 90 62.8 -1.78297 -2.65762 -10.22 10.7093 162.613 236.143
2   0    1        -1.78297 3.46928 0 3.90062 90 117.2 1.78297 -2.65762 -10.22 10.7093 162.613 303.857
2   0    2        -1.49014 2.8995 0 3.26 90 117.2 1.49014 -2.22114 -10.5862 10.9189 165.821 303.857
2   0    3        1.49014 2.8995 0 3.26 90 62.8 -1.49014 -2.22114 -10.5862 10.9189 165.821 236.143
2   1    0        2.0758 4.03906 0 4.54125 90 62.8 -2.0758 -3.0941 -9.85374 10.5346 159.287 236.143
2   1    1        -2.0758 4.03906 0 4.54125 90 117.2 2.0758 -3.0941 -9.85374 10.5346 159.287 303.857
2   1    2        -1.78297 3.46928 0 3.90062 90 117.2 1.78297 -2.65762 -10.22 10.7093 162.613 303.857
2   1    3        1.78297 3.46928 0 3.90062 90 62.8 -1.78297 -2.65762 -10.22 10.7093 162.613 236.143
2   2    0        2.36862 4.60884 0 5.18187 90 62.8 -2.36862 -3.53058 -9.48749 10.3965 155.862 236.143
2   2    1        -2.36862 4.60884 0 5.18187 90 117.2 2.36862 -3.53058 -9.48749 10.3965 155.862 303.857
2   2    2        -2.0758 4.03906 0 4.54125 90 117.2 2.0758 -3.0941 -9.85374 10.5346 159.287 303.857
2   2    3        2.0758 4.03906 0 4.54125 90 62.8 -2.0758 -3.0941 -9.85374 10.5346 159.287 236.143
2   3    0        2.66145 5.17863 0 5.8225 90 62.8 -2.66145 -3.96706 -9.12124 10.2965 152.357 236.143
2   3    1        -2.66145 5.17863 0 5.8225 90 117.2 2.66145 -3.96706 -9.12124 10.2965 152.357 303.857
2   3    2        -2.36862 4.60884 0 5.18187 90 117.2 2.36862 -3.53058 -9.48749 10.3965 155.862 303.857
2   3    3        2.36862 4.60884 0 5.18187 90 62.8 -2.36862 -3.53058 -9.48749 10.3965 155.862 236.143
2   4    0        2.95428 5.74841 0 6.46312 90 62.8 -2.95428 -4.40354 -8.75499 10.2357 148.798 236.143
2   4    1        -2.95428 5.74841 0 6.46312 90 117.2 2.95428 -4.40354 -8.75499 10.2357 148.798 303.857
2   4    2        -2.66145 5.17863 0 5.8225 90 117.2 2.66145 -3.96706 -9.12124 10.2965 152.357 303.857
2   4    3        2.66145 5.17863 0 5.8225 90 62.8 -2.66145 -3.96706 -9.12124 10.2965 152.357 236.143
2   5    0        3.24711 6.31819 0 7.10375 90 62.8 -3.24711 -4.84002 -8.38874 10.2147 145.209 236.143
2   5    1        -3.24711 6.31819 0 7.10375 90 117.2 3.24711 -4.84002 -8.38874 10.2147 145.209 303.857
2   5    2        -2.95428 5.74841 0 6.46312 90 117.2 2.95428 -4.40354 -8.75499 10.2357 148.798 303.857
2   5    3        2.95428 5.74841 0 6.46312 90 62.8 -2.95428 -4.40354 -8.75499 10.2357 148.798 236.143
2   6    0        3.53994 6.88797 0 7.74438 90 62.8 -3.53994 -5.27649 -8.0225 10.2339 141.62 236.143
2   6    1        -3.53994 6.88797 0 7.74438 90 117.2 3.53994 -5.27649 -8.0225 10.2339 141.62 303.857
2   6    2        -3.24711 6.31819 0 7.10375 90 117.2 3.24711 -4.84002 -8.38874 10.2147 145.209 303.857
2   6    3        3.24711 6.31819 0 7.10375 90 62.8 -3.24711 -4.84002 -8.38874 10.2147 145.209 236.143
2   7    0        3.83277 7.45776 0 8.385 90 62.8 -3.83277 -5.71297 -7.65625 10.293 138.059 236.143
2   7    1        -3.83277 7.45776 0 8.385 90 117.2 3.83277 -5.71297 -7.65625 10.293 138.059 303.857
2   7    2        -3.53994 6.88797 0 7.74438 90 117.2 3.53994 -5.27649 -8.0225 10.2339 141.62 303.857
2   7    3        3.53994 6.88797 0 7.74438 90 62.8 -3.53994 -5.27649 -8.0225 10.2339 141.62 236.143
2   8    0        4.12559 8.02754 0 9.02562 90 62.8 -4.12559 -6.14945 -7.29 10.3914 134.551 236.143
2   8    1        -4.12559 8.02754 0 9.02562 90 117.2 4.12559 -6.14945 -7.29 10.3914 134.551 303.857
2   8    2        -3.83277 7.45776 0 8.385 90 117.2 3.83277 -5.71297 -7.65625 10.293 138.059 303.857
2   8    3        3.83277 7.45776 0 8.385 90 62.8 -3.83277 -5.71297 -7.65625 10.293 138.059 236.143
2   9    0        4.41842 8.59732 0 9.66625 90 62.8 -4.41842 -6.58593 -6.92375 10.5278 131.122 236.143
2   9    1        -4.41842 8.59732 0 9.66625 90 117.2 4.41842 -6.58593 -6.92375 10.5278 131.122 303.857
2   9    2        -4.12559 8.02754 0 9.02562 90 117.2 4.12559 -6.14945 -7.29 10.3914 134.551 303.857
2   9    3        4.12559 8.02754 0 9.02562 90 62.8 -4.12559 -6.14945 -7.29 10.3914 134.551 236.143
2   10    0        4.71125 9.1671 0 10.3069 90 62.8 -4.71125 -7.02241 -6.5575 10.701 127.792 236.143
2   10    1        -4.71125 9.1671 0 10.3069 90 117.2 4.71125 -7.02241 -6.5575 10.701 127.792 303.857
2   10    2        -4.41842 8.59732 0 9.66625 90 117.2 4.41842 -6.58593 -6.92375 10.5278 131.122 303.857
2   10    3        4.41842 8.59732 0 9.66625 90 62.8 -4.41842 -6.58593 -6.92375 10.5278 131.122 236.143
2   11    0        5.00408 9.73689 0 10.9475 90 62.8 -5.00408 -7.45889 -6.19125 10.9091 124.578 236.143
2   11    1        -5.00408 9.73689 0 10.9475 90 117.2 5.00408 -7.45889 -6.19125 10.9091 124.578 303.857
2   11    2        -4.71125 9.1671 0 10.3069 90 117.2 4.71125 -7.02241 -6.5575 10.701 127.792 303.857
2   11    3        4.71125 9.1671 0 10.3069 90 62.8 -4.71125 -7.02241 -6.5575 10.701 127.792 236.143
2   12    0        5.29691 10.3067 0 11.5881 90 62.8 -5.29691 -7.89537 -5.825 11.1501 121.495 236.143
2   12    1        -5.29691 10.3067 0 11.5881 90 117.2 5.29691 -7.89537 -5.825 11.1501 121.495 303.857
2   12    2        -5.00408 9.73689 0 10.9475 90 117.2 5.00408 -7.45889 -6.19125 10.9091 124.578 303.857
2   12    3        5.00408 9.73689 0 10.9475 90 62.8 -5.00408 -7.45889 -6.19125 10.9091 124.578 236.143
2   13    0        5.58974 10.8765 0 12.2287 90 62.8 -5.58974 -8.33184 -5.45875 11.422 118.549 236.143
2   13    1        -5.58974 10.8765 0 12.2287 90 117.2 5.58974 -8.33184 -5.45875 11.422 118.549 303.857
2   13    2        -5.29691 10.3067 0 11.5881 90 117.2 5.29691 -7.89537 -5.825 11.1501 121.495 303.857
2   13    3        5.29691 10.3067 0 11.5881 90 62.8 -5.29691 -7.89537 -5.825 11.1501 121.495 236.143
2   14    0        5.88256 11.4462 0 12.8694 90 62.8 -5.88256 -8.76832 -5.0925 11.7227 115.748 236.143
2   14    1        -5.88256 11.4462 0 12.8694 90 117.2 5.88256 -8.76832 -5.0925 11.7227 115.748 303.857
2   14    2        -5.58974 10.8765 0 12.2287 90 117.2 5.58974 -8.33184 -5.45875 11.422 118.549 303.857
2   14    3        5.58974 10.8765 0 12.2287 90 62.8 -5.58974 -8.33184 -5.45875 11.422 118.549 236.143
2   15    0        6.17539 12.016 0 13.51 90 62.8 -6.17539 -9.2048 -4.72625 12.05 113.093 236.143
2   15    1        -6.17539 12.016 0 13.51 90 117.2 6.17539 -9.2048 -4.72625 12.05 113.093 303.857
2   15    2        -5.88256 11.4462 0 12.8694 90 117.2 5.88256 -8.76832 -5.0925 11.7227 115.748 303.857
2   15    3        5.88256 11.4462 0 12.8694 90 62.8 -5.88256 -8.76832 -5.0925 11.7227 115.748 236.143
3   0    0        1.78297 3.46928 0 3.90062 90 62.8 -3.07852 0.874452 -10.22 10.7093 162.613 164.143
3   0    1        -1.78297 3.46928 0 3.90062 90 117.2 -1.97658 -2.51695 -10.22 10.7093 162.613 231.857
3   0    2        -1.49014 2.8995 0 3.26 90 117.2 -1.65195 -2.10358 -10.5862 10.9189 165.821 231.857
3   0    3        1.49014 2.8995 0 3.26 90 62.8 -2.57291 0.730835 -10.5862 10.9189 165.821 164.143
3   1    0        2.0758 4.03906 0 4.54125 90 62.8 -3.58412 1.01807 -9.85374 10.5346 159.287 164.143
3   1    1        -2.0758 4.03906 0 4.54125 90 117.2 -2.30121 -2.93033 -9.85374 10.5346 159.287 231.857
3   1    2        -1.78297 3.46928 0 3.90062 90 117.2 -1.97658 -2.51695 -10.22 10.7093 162.613 231.857
3   1    3        1.78297 3.46928 0 3.90062 90 62.8 -3.07852 0.874452 -10.22 10.7093 162.613 164.143
3   2    0        2.36862 4.60884 0 5.18187 90 62.8 -4.08973 1.16169 -9.48749 10.3965 155.862 164.143
3   2    1        -2.36862 4.60884 0 5.18187 90 117.2 -2.62584 -3.3437 -9.48749 10.3965 155.862 231.857
3   2    2        -2.0758 4.03906 0 4.54125 90 117.2 -2.30121 -2.93033 -9.85374 10.5346 159.287 231.857
3   2    3        2.0758 4.03906 0 4.54125 90 62.8 -3.58412 1.01807 -9.85374 10.5346 159.287 164.143
3   3    0        2.66145 5.17863 0 5.8225 90 62.8 -4.59533 1.3053 -9.12124 10.2965 152.357 164.143
3   3    1        -2.66145 5.17863 0 5.8225 90 117.2 -2.95046 -3.75708 -9.12124 10.2965 152.357 231.857
3   3    2        -2.36862 4.60884 0 5.18187 90 117.2 -2.62584 -3.3437 -9.48749 10.3965 155.862 231.857
3   3    3        2.36862 4.60884 0 5.18187 90 62.8 -4.08973 1.16169 -9.48749 10.3965 155.862 164.143
3   4    0        2.95428 5.74841 0 6.46312 90 62.8 -5.10094 1.44892 -8.75499 10.2357 148.798 164.143
3   4    1        -2.95428 5.74841 0 6.46312 90 117.2 -3.27509 -4.17046 -8.75499 10.2357 148.798 231.857
3   4    2        -2.66145 5.17863 0 5.8225 90 117.2 -2.95046 -3.75708 -9.12124 10.2965 152.357 231.857
3   4    3        2.66145 5.17863 0 5.8225 90 62.8 -4.59533 1.3053 -9.12124 10.2965 152.357 164.143
3   5    0        3.24711 6.31819 0 7.10375 90 62.8 -5.60654 1.59254 -8.38874 10.2147 145.209 164.143
3   5    1        -3.24711 6.31819 0 7.10375 90 117.2 -3.59972 -4.58383 -8.38874 10.2147 145.209 231.857
3   5    2        -2.95428 5.74841 0 6.46312 90 117.2 -3.27509 -4.17046 -8.75499 10.2357 148.798 231.857
3   5    3        2.95428 5.74841 0 6.46312 90 62.8 -5.10094 1.44892 -8.75499 10.2357 148.798 164.143
3   6    0        3.53994 6.88797 0 7.74438 90 62.8 -6.11215 1.73615 -8.0225 10.2339 141.62 164.143
3   6    1        -3.53994 6.88797 0 7.74438 90 117.2 -3.92434 -4.99721 -8.0225 10.2339 141.62 231.857
3   6    2        -3.24711 6.31819 0 7.10375 90 117.2 -3.59972 -4.58383 -8.38874 10.2147 145.209 231.857
3   6    3        3.24711 6.31819 0 7.10375 90 62.8 -5.60654 1.59254 -8.38874 10.2147 145.209 164.143
3   7    0        3.83277 7.45776 0 8.385 90 62.8 -6.61775 1.87977 -7.65625 10.293 138.059 164.143
3   7    1        -3.83277 7.45776 0 8.385 90 117.2 -4.24897 -5.41058 -7.65625 10.293 138.059 231.857
3   7    2        -3.53994 6.88797 0 7.74438 90 117.2 -3.92434 -4.99721 -8.0225 10.2339 141.62 231.857
3   7    3        3.53994 6.88797 0 7.74438 90 62.8 -6.11215 1.73615 -8.0225 10.2339 141.62 164.143
3   8    0        4.12559 8.02754 0 9.02562 90 62.8 -7.12335 2.02339 -7.29 10.3914 134.551 164.143
3   8    1        -4.12559 8.02754 0 9.02562 90 117.2 -4.5736 -5.82396 -7.29 10.3914 134.551 231.857
3   8    2        -3.83277 7.45776 0 8.385 90 117.2 -4.24897 -5.41058 -7.65625 10.293 138.059 231.857
3   8    3        3.83277 7.45776 0 8.385 90 62.8 -6.61775 1.87977 -7.65625 10.293 138.059 164.143
3   9    0        4.41842 8.59732 0 9.66625 90 62.8 -7.62896 2.16701 -6.92375 10.5278 131.122 164.143
3   9    1        -4.41842 8.59732 0 9.66625 90 117.2 -4.89822 -6.23733 -6.92375 10.5278 131.122 231.857
3   9    2        -4.12559 8.02754 0 9.02562 90 117.2 -4.5736 -5.82396 -7.29 10.3914 134.551 231.857
3   9    3        4.12559 8.02754 0 9.02562 90 62.8 -7.12335 2.02339 -7.29 10.3914 134.551 164.143
3   10    0        4.71125 9.1671 0 10.3069 90 62.8 -8.13456 2.31062 -6.5575 10.701 127.792 164.143
3   10    1        -4.71125 9.1671 0 10.3069 90 117.2 -5.22285 -6.65071 -6.5575 10.701 127.792 231.857
3   10    2        -4.41842 8.59732 0 9.66625 90 117.2 -4.89822 -6.23733 -6.92375 10.5278 131.122 231.857
3   10    3        4.41842 8.59732 0 9.66625 90 62.8 -7.62896 2.16701 -6.92375 10.5278 131.122 164.143
3   11    0        5.00408 9.73689 0 10.9475 90 62.8 -8.64017 2.45424 -6.19125 10.9091 124.578 164.143
3   11    1        -5.00408 9.73689 0 10.9475 90 117.2 -5.54748 -7.06409 -6.19125 10.9091 124.578 231.857
3   11    2        -4.71125 9.1671 0 10.3069 90 117.2 -5.22285 -6.65071 -6.5575 10.701 127.792 231.857
3   11    3        4.71125 9.1671 0 10.3069 90 62.8 -8.13456 2.31062 -6.5575 10.701 127.792 164.143
3   12    0        5.29691 10.3067 0 11.5881 90 62.8 -9.14577 2.59786 -5.825 11.1501 121.495 164.143
3   12    1        -5.29691 10.3067 0 11.5881 90 117.2 -5.8721 -7.47746 -5.825 11.1501 121.495 231.857
3   12    2        -5.00408 9.73689 0 10.9475 90 117.2 -5.54748 -7.06409 -6.19125 10.9091 124.578 231.857
3   12    3        5.00408 9.73689 0 10.9475 90 62.8 -8.64017 2.45424 -6.19125 10.9091 124.578 164.143
3   13    0        5.58974 10.8765 0 12.2287 90 62.8 -9.65138 2.74147 -5.45875 11.422 118.549 164.143
3   13    1        -5.58974 10.8765 0 12.2287 90 117.2 -6.19673 -7.89084 -5.45875 11.422 118.549 231.857
3   13    2        -5.29691 10.3067 0 11.5881 90 117.2 -5.8721 -7.47746 -5.825 11.1501 121.495 231.857
3   13    3        5.29691 10.3067 0 11.5881 90 62.8 -9.14577 2.59786 -5.825 11.1501 121.495 164.143
3   14    0        5.88256 11.4462 0 12.8694 90 62.8 -10.157 2.88509 -5.0925 11.7227 115.748 164.143
3   14    1        -5.88256 11.4462 0 12.8694 90 117.2 -6.52136 -8.30421 -5.0925 11.7227 115.748 231.857
3   14    2        -5.58974 10.8765 0 12.2287 90 117.2 -6.19673 -7.89084 -5.45875 11.422 118.549 231.857
3   14    3        5.58974 10.8765 0 12.2287 90 62.8 -9.65138 2.74147 -5.45875 11.422 118.549 164.143
3   15    0        6.17539 12.016 0 13.51 90 62.8 -10.6626 3.02871 -4.72625 12.05 113.093 164.143
3   15    1        -6.17539 12.016 0 13.51 90 117.2 -6.84599 -8.71759 -4.72625 12.05 113.093 231.857
3   15    2        -5.88256 11.4462 0 12.8694 90 117.2 -6.52136 -8.30421 -5.0925 11.7227 115.748 231.857
3   15    3        5.88256 11.4462 0 12.8694 90 62.8 -10.157 2.88509 -5.0925 11.7227 115.748 164.143
4   0    0        1.78297 3.46928 0 3.90062 90 62.8 -0.11966 3.19806 -10.22 10.7093 162.613 92.1428
4   0    1        -1.78297 3.46928 0 3.90062 90 117.2 -3.00456 1.10206 -10.22 10.7093 162.613 159.857
4   0    2        -1.49014 2.8995 0 3.26 90 117.2 -2.5111 0.921061 -10.5862 10.9189 165.821 159.857
4   0    3        1.49014 2.8995 0 3.26 90 62.8 -0.100008 2.67282 -10.5862 10.9189 165.821 92.1428
4   1    0        2.0758 4.03906 0 4.54125 90 62.8 -0.139313 3.7233 -9.85374 10.5346 159.287 92.1428
4   1    1        -2.0758 4.03906 0 4.54125 90 117.2 -3.49802 1.28306 -9.85374 10.5346 159.287 159.857
4   1    2        -1.78297 3.46928 0 3.90062 90 117.2 -3.00456 1.10206 -10.22 10.7093 162.613 159.857
4   1    3        1.78297 3.46928 0 3.90062 90 62.8 -0.11966 3.19806 -10.22 10.7093 162.613 92.1428
4   2    0        2.36862 4.60884 0 5.18187 90 62.8 -0.158965 4.24854 -9.48749 10.3965 155.862 92.1428
4   2    1        -2.36862 4.60884 0 5.18187 90 117.2 -3.99148 1.46406 -9.48749 10.3965 155.862 159.857
4   2    2        -2.0758 4.03906 0 4.54125 90 117.2 -3.49802 1.28306 -9.85374 10.5346 159.287 159.857
4   2    3        2.0758 4.03906 0 4.54125 90 62.8 -0.139313 3.7233 -9.85374 10.5346 159.287 92.1428
4   3    0        2.66145 5.17863 0 5.8225 90 62.8 -0.178618 4.77378 -9.12124 10.2965 152.357 92.1428
4   3    1        -2.66145 5.17863 0 5.8225 90 117.2 -4.48494 1.64505 -9.12124 10.2965 152.357 159.857
4   3    2        -2.36862 4.60884 0 5.18187 90 117.2 -3.99148 1.46406 -9.48749 10.3965 155.862 159.857
4   3    3        2.36862 4.60884 0 5.18187 90 62.8 -0.158965 4.24854 -9.48749 10.3965 155.862 92.1428
4   4    0        2.95428 5.74841 0 6.46312 90 62.8 -0.19827 5.29902 -8.75499 10.2357 148.798 92.1428
4   4    1        -2.95428 5.74841 0 6.46312 90 117.2 -4.9784 1.82605 -8.75499 10.2357 148.798 159.857
4   4    2        -2.66145 5.17863 0 5.8225 90 117.2 -4.48494 1.64505 -9.12124 10.2965 152.357 159.857
4   4    3        2.66145 5.17863 0 5.8225 90 62.8 -0.178618 4.77378 -9.12124 10.2965 152.357 92.1428
4   5    0        3.24711 6.31819 0 7.10375 90 62.8 -0.217923 5.82426 -8.38874 10.2147 145.209 92.1428
4   5    1        -3.24711 6.31819 0 7.10375 90 117.2 -5.47186 2.00705 -8.38874 10.2147 145.209 159.857
4   5    2        -2.95428 5.74841 0 6.46312 90 117.2 -4.9784 1.82605 -8.75499 10.2357 148.798 159.857
4   5    3        2.95428 5.74841 0 6.46312 90 62.8 -0.19827 5.29902 -8.75499 10.2357 148.798 92.1428
4   6    0        3.53994 6.88797 0 7.74438 90 62.8 -0.237576 6.3495 -8.0225 10.2339 141.62 92.1428
4   6    1        -3.53994 6.88797 0 7.74438 90 117.2 -5.96532 2.18805 -8.0225 10.2339 141.62 159.857
4   6    2        -3.24711 6.31819 0 7.10375 90 117.2 -5.47186 2.00705 -8.38874 10.2147 145.209 159.857
4   6    3        3.24711 6.31819 0 7.10375 90 62.8 -0.217923 5.82426 -8.38874 10.2147 145.209 92.1428
4   7    0        3.83277 7.45776 0 8.385 90 62.8 -0.257228 6.87474 -7.65625 10.293 138.059 92.1428
4   7    1        -3.83277 7.45776 0 8.385 90 117.2 -6.45877 2.36905 -7.65625 10.293 138.059 159.857
4   7    2        -3.53994 6.88797 0 7.74438 90 117.2 -5.96532 2.18805 -8.0225 10.2339 141.62 159.857
4   7    3        3.53994 6.88797 0 7.74438 90 62.8 -0.237576 6.3495 -8.0225 10.2339 141.62 92.1428
4   8    0        4.12559 8.02754 0 9.02562 90 62.8 -0.276881 7.39997 -7.29 10.3914 134.551 92.1428
4   8    1        -4.12559 8.02754 0 9.02562 90 117.2 -6.95223 2.55005 -7.29 10.3914 134.551 159.857
4   8    2        -3.83277 7.45776 0 8.385 90 117.2 -6.45877 2.36905 -7.65625 10.293 138.059 159.857
4   8    3        3.83277 7.45776 0 8.385 90 62.8 -0.257228 6.87474 -7.65625 10.293 138.059 92.1428
4   9    0        4.41842 8.59732 0 9.66625 90 62.8 -0.296533 7.92521 -6.92375 10.5278 131.122 92.1428
4   9    1        -4.41842 8.59732 0 9.66625 90 117.2 -7.44569 2.73105 -6.92375 10.5278 131.122 159.857
4   9    2        -4.12559 8.02754 0 9.02562 90 117.2 -6.95223 2.55005 -7.29 10.3914 134.551 159.857
4   9    3        4.12559 8.02754 0 9.02562 90 62.8 -0.276881 7.39997 -7.29 10.3914 134.551 92.1428
4   10    0        4.71125 9.1671 0 10.3069 90 62.8 -0.316186 8.45045 -6.5575 10.701 127.792 92.1428
4   10    1        -4.71125 9.1671 0 10.3069 90 117.2 -7.93915 2.91204 -6.5575 10.701 127.792 159.857
4   10    2        -4.41842 8.59732 0 9.66625 90 117.2 -7.44569 2.73105 -6.92375 10.5278 131.122 159.857
4   10    3        4.41842 8.59732 0 9.66625 90 62.8 -0.296533 7.92521 -6.92375 10.5278 131.122 92.1428
4   11    0        5.00408 9.73689 0 10.9475 90 62.8 -0.335839 8.97569 -6.19125 10.9091 124.578 92.1428
4   11    1        -5.00408 9.73689 0 10.9475 90 117.2 -8.43261 3.09304 -6.19125 10.9091 124.578 159.857
4   11    2        -4.71125 9.1671 0 10.3069 90 117.2 -7.93915 2.91204 -6.5575 10.701 127.792 159.857
4   11    3        4.71125 9.1671 0 10.3069 90 62.8 -0.316186 8.45045 -6.5575 10.701 127.792 92.1428
4   12    0        5.29691 10.3067 0 11.5881 90 62.8 -0.355491 9.50093 -5.825 11.1501 121.495 92.1428
4   12    1        -5.29691 10.3067 0 11.5881 90 117.2 -8.92607 3.27404 -5.825 11.1501 121.495 159.857
4   12    2        -5.00408 9.73689 0 10.9475 90 117.2 -8.43261 3.09304 -6.19125 10.9091 124.578 159.857
4   12    3        5.00408 9.73689 0 10.9475 90 62.8 -0.335839 8.97569 -6.19125 10.9091 124.578 92.1428
4   13    0        5.58974 10.8765 0 12.2287 90 62.8 -0.375144 10.0262 -5.45875 11.422 118.549 92.1428
4   13    1        -5.58974 10.8765 0 12.2287 90 117.2 -9.41953 3.45504 -5.45875 11.422 118.549 159.857
4   13    2        -5.29691 10.3067 0 11.5881 90 117.2 -8.92607 3.27404 -5.825 11.1501 121.495 159.857
4   13    3        5.29691 10.3067 0 11.5881 90 62.8 -0.355491 9.50093 -5.825 11.1501 121.495 92.1428
4   14    0        5.88256 11.4462 0 12.8694 90 62.8 -0.394796 10.5514 -5.0925 11.7227 115.748 92.1428
4   14    1        -5.88256 11.4462 0 12.8694 90 117.2 -9.91299 3.63604 -5.0925 11.7227 115.748 159.857
4   14    2        -5.58974 10.8765 0 12.2287 90 117.2 -9.41953 3.45504 -5.45875 11.422 118.549 159.857
4   14    3        5.58974 10.8765 0 12.2287 90 62.8 -0.375144 10.0262 -5.45875 11.422 118.549 92.1428
4   15    0        6.17539 12.016 0 13.51 90 62.8 -0.414449 11.0766 -4.72625 12.05 113.093 92.1428
4   15    1        -6.17539 12.016 0 13.51 90 117.2 -10.4064 3.81704 -4.72625 12.05 113.093 159.857
4   15    2        -5.88256 11.4462 0 12.8694 90 117.2 -9.91299 3.63604 -5.0925 11.7227 115.748 159.857
4   15    3        5.88256 11.4462 0 12.8694 90 62.8 -0.394796 10.5514 -5.0925 11.7227 115.748 92.1428
WEDGES
det   ch   corner   x_fl   y_fl   z_fl   r_fl   t_fl   p_fl   x_ti   y_ti   z_ti   r_ti   t_ti   p_ti
0   0    0        -4.70921 12.6627 0 13.51 90 110.4 1.89179 10.6156 -4.31059 11.6125 111.79 79.8955
0   0    1        -6.17539 12.016 0 13.51 90 117.2 0.414449 11.0766 -4.72625 12.05 113.093 87.8572
0   0    2        -1.49014 2.8995 0 3.26 90 117.2 0.100008 2.67282 -10.5862 10.9189 165.821 87.8572
0   0    3        -1.13634 3.05554 0 3.26 90 110.4 0.456494 2.56158 -10.4859 10.8039 166.064 79.8955
0   1    0        -3.17677 13.1312 0 13.51 90 103.6 3.34252 10.0052 -4.00943 11.2851 110.811 71.5267
0   1    1        -4.70921 12.6627 0 13.51 90 110.4 1.89179 10.6156 -4.31059 11.6125 111.79 79.8955
0   1    2        -1.13634 3.05554 0 3.26 90 110.4 0.456494 2.56158 -10.4859 10.8039 166.064 79.8955
0   1    3        -0.766563 3.16859 0 3.26 90 103.6 0.806558 2.41429 -10.4133 10.7199 166.264 71.5267
0   2    0        -1.59964 13.415 0 13.51 90 96.8 4.74622 9.25407 -3.82703 11.082 110.202 62.8477
0   2    1        -3.17677 13.1312 0 13.51 90 103.6 3.34252 10.0052 -4.00943 11.2851 110.811 71.5267
0   2    2        -0.766563 3.16859 0 3.26 90 103.6 0.806558 2.41429 -10.4133 10.7199 166.264 71.5267
0   2    3        -0.385997 3.23707 0 3.26 90 96.8 1.14528 2.23303 -10.3693 10.6686 166.395 62.8477
0   3    0        0 13.51 0 13.51 90 90 6.08314 8.37273 -3.76594 11.0132 109.996 54
0   3    1        -1.59964 13.415 0 13.51 90 96.8 4.74622 9.25407 -3.82703 11.082 110.202 62.8477
0   3    2        -0.385997 3.23707 0 3.26 90 96.8 1.14528 2.23303 -10.3693 10.6686 166.395 62.8477
0   3    3        0 3.26 0 3.26 90 90 1.46788 2.02036 -10.3545 10.6514 166.44 54
0   4    0        1.59964 13.415 0 13.51 90 83.2 7.33448 7.37359 -3.82703 11.082 110.202 45.1523
0   4    1        0 13.51 0 13.51 90 90 6.08314 8.37273 -3.76594 11.0132 109.996 54
0   4    2        0 3.26 0 3.26 90 90 1.46788 2.02036 -10.3545 10.6514 166.44 54
0   4    3        0.385997 3.23707 0 3.26 90 83.2 1.76983 1.77927 -10.3693 10.6686 166.395 45.1523
0   5    0        3.17677 13.1312 0 13.51 90 76.4 8.48264 6.27071 -4.00943 11.2851 110.811 36.4733
0   5    1        1.59964 13.415 0 13.51 90 83.2 7.33448 7.37359 -3.82703 11.082 110.202 45.1523
0   5    2        0.385997 3.23707 0 3.26 90 83.2 1.76983 1.77927 -10.3693 10.6686 166.395 45.1523
0   5    3        0.766563 3.16859 0 3.26 90 76.4 2.04688 1.51314 -10.4133 10.7199 166.264 36.4733
0   6    0        4.70921 12.6627 0 13.51 90 69.6 9.51145 5.0796 -4.31059 11.6125 111.79 28.1045
0   6    1        3.17677 13.1312 0 13.51 90 76.4 8.48264 6.27071 -4.00943 11.2851 110.811 36.4733
0   6    2        0.766563 3.16859 0 3.26 90 76.4 2.04688 1.51314 -10.4133 10.7199 166.264 36.4733
0   6    3        1.13634 3.05554 0 3.26 90 69.6 2.29514 1.22572 -10.4859 10.8039 166.064 28.1045
0   7    0        6.17539 12.016 0 13.51 90 62.8 10.4064 3.81704 -4.72625 12.05 113.093 20.1428
0   7    1        4.70921 12.6627 0 13.51 90 69.6 9.51145 5.0796 -4.31059 11.6125 111.79 28.1045
0   7    2        1.13634 3.05554 0 3.26 90 69.6 2.29514 1.22572 -10.4859 10.8039 166.064 28.1045
0   7    3        1.49014 2.8995 0 3.26 90 62.8 2.5111 0.921061 -10.5862 10.9189 165.821 20.1428
1   0    0        -4.70921 12.6627 0 13.51 90 110.4 10.6806 1.4812 -4.31059 11.6125 111.79 7.89549
1   0    1        -6.17539 12.016 0 13.51 90 117.2 10.6626 3.02871 -4.72625 12.05 113.093 15.8572
1   0    2        -1.49014 2.8995 0 3.26 90 117.2 2.57291 0.730835 -10.5862 10.9189 165.821 15.8572
1   0    3        -1.13634 3.05554 0 3.26 90 110.4 2.57727 0.357419 -10.4859 10.8039 166.064 7.89549
1   1    0        -3.17677 13.1312 0 13.51 90 103.6 10.5484 -0.0871381 -4.00943 11.2851 110.811 359.527
1   1    1        -4.70921 12.6627 0 13.51 90 110.4 10.6806 1.4812 -4.31059 11.6125 111.79 7.89549
1   1    2        -1.13634 3.05554 0 3.26 90 110.4 2.57727 0.357419 -10.4859 10.8039 166.064 7.89549
1   1    3        -0.766563 3.16859 0 3.26 90 103.6 2.54536 -0.0210267 -10.4133 10.7199 166.264 359.527
1   2    0        -1.59964 13.415 0 13.51 90 96.8 10.2678 -1.65425 -3.82703 11.082 110.202 350.848
1   2    1        -3.17677 13.1312 0 13.51 90 103.6 10.5484 -0.0871381 -4.00943 11.2851 110.811 359.527
1   2    2        -0.766563 3.16859 0 3.26 90 103.6 2.54536 -0.0210267 -10.4133 10.7199 166.264 359.527
1   2    3        -0.385997 3.23707 0 3.26 90 96.8 2.47765 -0.399176 -10.3693 10.6686 166.395 350.848
1   3    0        0 13.51 0 13.51 90 90 9.84273 -3.1981 -3.76594 11.0132 109.996 342
1   3    1        -1.59964 13.415 0 13.51 90 96.8 10.2678 -1.65425 -3.82703 11.082 110.202 350.848
1   3    2        -0.385997 3.23707 0 3.26 90 96.8 2.47765 -0.399176 -10.3693 10.6686 166.395 350.848
1   3    3        0 3.26 0 3.26 90 90 2.37508 -0.77171 -10.3545 10.6514 166.44 342
1   4    0        1.59964 13.415 0 13.51 90 83.2 9.27918 -4.69695 -3.82703 11.082 110.202 333.152
1   4    1        0 13.51 0 13.51 90 90 9.84273 -3.1981 -3.76594 11.0132 109.996 342
1   4    2        0 3.26 0 3.26 90 90 2.37508 -0.77171 -10.3545 10.6514 166.44 342
1   4    3        0.385997 3.23707 0 3.26 90 83.2 2.23909 -1.13339 -10.3693 10.6686 166.395 333.152
1   5    0        3.17677 13.1312 0 13.51 90 76.4 8.58508 -6.12971 -4.00943 11.2851 110.811 324.473
1   5    1        1.59964 13.415 0 13.51 90 83.2 9.27918 -4.69695 -3.82703 11.082 110.202 333.152
1   5    2        0.385997 3.23707 0 3.26 90 83.2 2.23909 -1.13339 -10.3693 10.6686 166.395 333.152
1   5    3        0.766563 3.16859 0 3.26 90 76.4 2.0716 -1.47912 -10.4133 10.7199 166.264 324.473
1   6    0        4.70921 12.6627 0 13.51 90 69.6 7.77019 -7.47624 -4.31059 11.6125 111.79 316.105
1   6    1        3.17677 13.1312 0 13.51 90 76.4 8.58508 -6.12971 -4.00943 11.2851 110.811 324.473
1   6    2        0.766563 3.16859 0 3.26 90 76.4 2.0716 -1.47912 -10.4133 10.7199 166.264 324.473
1   6    3        1.13634 3.05554 0 3.26 90 69.6 1.87497 -1.80404 -10.4859 10.8039 166.064 316.105
1   7    0        6.17539 12.016 0 13.51 90 62.8 6.84599 -8.71759 -4.72625 12.05 113.093 308.143
1   7    1        4.70921 12.6627 0 13.51 90 69.6 7.77019 -7.47624 -4.31059 11.6125 111.79 316.105
1   7    2        1.13634 3.05554 0 3.26 90 69.6 1.87497 -1.80404 -10.4859 10.8039 166.064 316.105
1   7    3        1.49014 2.8995 0 3.26 90 62.8 1.65195 -2.10358 -10.5862 10.9189 165.821 308.143
2   0    0        -4.70921 12.6627 0 13.51 90 110.4 4.70921 -9.70018 -4.31059 11.6125 111.79 295.895
2   0    1        -6.17539 12.016 0 13.51 90 117.2 6.17539 -9.2048 -4.72625 12.05 113.093 303.857
2   0    2        -1.49014 2.8995 0 3.26 90 117.2 1.49014 -2.22114 -10.5862 10.9189 165.821 303.857
2   0    3        -1.13634 3.05554 0 3.26 90 110.4 1.13634 -2.34068 -10.4859 10.8039 166.064 295.895
2   1    0        -3.17677 13.1312 0 13.51 90 103.6 3.17677 -10.0591 -4.00943 11.2851 110.811 287.527
2   1    1        -4.70921 12.6627 0 13.51 90 110.4 4.70921 -9.70018 -4.31059 11.6125 111.79 295.895
2   1    2        -1.13634 3.05554 0 3.26 90 110.4 1.13634 -2.34068 -10.4859 10.8039 166.064 295.895
2   1    3        -0.766563 3.16859 0 3.26 90 103.6 0.766563 -2.42728 -10.4133 10.7199 166.264 287.527
2   2    0        -1.59964 13.415 0 13.51 90 96.8 1.59964 -10.2765 -3.82703 11.082 110.202 278.848
2   2    1        -3.17677 13.1312 0 13.51 90 103.6 3.17677 -10.0591 -4.00943 11.2851 110.811 287.527
2   2    2        -0.766563 3.16859 0 3.26 90 103.6 0.766563 -2.42728 -10.4133 10.7199 166.264 287.527
2   2    3        -0.385997 3.23707 0 3.26 90 96.8 0.385997 -2.47974 -10.3693 10.6686 166.395 278.848
2   3    0        0 13.51 0 13.51 90 90 1.26742e-15 -10.3493 -3.76594 11.0132 109.996 270
2   3    1        -1.59964 13.415 0 13.51 90 96.8 1.59964 -10.2765 -3.82703 11.082 110.202 278.848
2   3    2        -0.385997 3.23707 0 3.26 90 96.8 0.385997 -2.47974 -10.3693 10.6686 166.395 278.848
2   3    3        0 3.26 0 3.26 90 90 3.05832e-16 -2.4973 -10.3545 10.6514 166.44 270
2   4    0        1.59964 13.415 0 13.51 90 83.2 -1.59964 -10.2765 -3.82703 11.082 110.202 261.152
2   4    1        0 13.51 0 13.51 90 90 1.26742e-15 -10.3493 -3.76594 11.0132 109.996 270
2   4    2        0 3.26 0 3.26 90 90 3.05832e-16 -2.4973 -10.3545 10.6514 166.44 270
2   4    3        0.385997 3.23707 0 3.26 90 83.2 -0.385997 -2.47974 -10.3693 10.6686 166.395 261.152
2   5    0        3.17677 13.1312 0 13.51 90 76.4 -3.17677 -10.0591 -4.00943 11.2851 110.811 252.473
2   5    1        1.59964 13.415 0 13.51 90 83.2 -1.59964 -10.2765 -3.82703 11.082 110.202 261.152
2   5    2        0.385997 3.23707 0 3.26 90 83.2 -0.385997 -2.47974 -10.3693 10.6686 166.395 261.152
2   5    3        0.766563 3.16859 0 3.26 90 76.4 -0.766563 -2.42728 -10.4133 10.7199 166.264 252.473
2   6    0        4.70921 12.6627 0 13.51 90 69.6 -4.70921 -9.70018 -4.31059 11.6125 111.79 244.105
2   6    1        3.17677 13.1312 0 13.51 90 76.4 -3.17677 -10.0591 -4.00943 11.2851 110.811 252.473
2   6    2        0.766563 3.16859 0 3.26 90 76.4 -0.766563 -2.42728 -10.4133 10.7199 166.264 252.473
2   6    3        1.13634 3.05554 0 3.26 90 69.6 -1.13634 -2.34068 -10.4859 10.8039 166.064 244.105
2   7    0        6.17539 12.016 0 13.51 90 62.8 -6.17539 -9.2048 -4.72625 12.05 113.093 236.143
2   7    1        4.70921 12.6627 0 13.51 90 69.6 -4.70921 -9.70018 -4.31059 11.6125 111.79 244.105
2   7    2        1.13634 3.05554 0 3.26 90 69.6 -1.13634 -2.34068 -10.4859 10.8039 166.064 244.105
2   7    3        1.49014 2.8995 0 3.26 90 62.8 -1.49014 -2.22114 -10.5862 10.9189 165.821 236.143
3   0    0        -4.70921 12.6627 0 13.51 90 110.4 -7.77019 -7.47624 -4.31059 11.6125 111.79 223.895
3   0    1        -6.17539 12.016 0 13.51 90 117.2 -6.84599 -8.71759 -4.72625 12.05 113.093 231.857
3   0    2        -1.49014 2.8995 0 3.26 90 117.2 -1.65195 -2.10358 -10.5862 10.9189 165.821 231.857
3   0    3        -1.13634 3.05554 0 3.26 90 110.4 -1.87497 -1.80404 -10.4859 10.8039 166.064 223.895
3   1    0        -3.17677 13.1312 0 13.51 90 103.6 -8.58508 -6.12971 -4.00943 11.2851 110.811 215.527
3   1    1        -4.70921 12.6627 0 13.51 90 110.4 -7.77019 -7.47624 -4.31059 11.6125 111.79 223.895
3   1    2        -1.13634 3.05554 0 3.26 90 110.4 -1.87497 -1.80404 -10.4859 10.8039 166.064 223.895
3   1    3        -0.766563 3.16859 0 3.26 90 103.6 -2.0716 -1.47912 -10.4133 10.7199 166.264 215.527
3   2    0        -1.59964 13.415 0 13.51 90 96.8 -9.27918 -4.69695 -3.82703 11.082 110.202 206.848
3   2    1        -3.17677 13.1312 0 13.51 90 103.6 -8.58508 -6.12971 -4.00943 11.2851 110.811 215.527
3   2    2        -0.766563 3.16859 0 3.26 90 103.6 -2.0716 -1.47912 -10.4133 10.7199 166.264 215.527
3   2    3        -0.385997 3.23707 0 3.26 90 96.8 -2.23909 -1.13339 -10.3693 10.6686 166.395 206.848
3   3    0        0 13.51 0 13.51 90 90 -9.84273 -3.1981 -3.76594 11.0132 109.996 198
3   3    1        -1.59964 13.415 0 13.51 90 96.8 -9.27918 -4.69695 -3.82703 11.082 110.202 206.848
3   3    2        -0.385997 3.23707 0 3.26 90 96.8 -2.23909 -1.13339 -10.3693 10.6686 166.395 206.848
3   3    3        0 3.26 0 3.26 90 90 -2.37508 -0.77171 -10.3545 10.6514 166.44 198
3   4    0        1.59964 13.415 0 13.51 90 83.2 -10.2678 -1.65425 -3.82703 11.082 110.202 189.152
3   4    1        0 13.51 0 13.51 90 90 -9.84273 -3.1981 -3.76594 11.0132 109.996 198
3   4    2        0 3.26 0 3.26 90 90 -2.37508 -0.77171 -10.3545 10.6514 166.44 198
3   4    3        0.385997 3.23707 0 3.26 90 83.2 -2.47765 -0.399176 -10.3693 10.6686 166.395 189.152
3   5    0        3.17677 13.1312 0 13.51 90 76.4 -10.5484 -0.0871381 -4.00943 11.2851 110.811 180.473
3   5    1        1.59964 13.415 0 13.51 90 83.2 -10.2678 -1.65425 -3.82703 11.082 110.202 189.152
3   5    2        0.385997 3.23707 0 3.26 90 83.2 -2.47765 -0.399176 -10.3693 10.6686 166.395 189.152
3   5    3        0.766563 3.16859 0 3.26 90 76.4 -2.54536 -0.0210267 -10.4133 10.7199 166.264 180.473
3   6    0        4.70921 12.6627 0 13.51 90 69.6 -10.6806 1.4812 -4.31059 11.6125 111.79 172.105
3   6    1        3.17677 13.1312 0 13.51 90 76.4 -10.5484 -0.0871381 -4.00943 11.2851 110.811 180.473
3   6    2        0.766563 3.16859 0 3.26 90 76.4 -2.54536 -0.0210267 -10.4133 10.7199 166.264 180.473
3   6    3        1.13634 3.05554 0 3.26 90 69.6 -2.57727 0.357419 -10.4859 10.8039 166.064 172.105
3   7    0        6.17539 12.016 0 13.51 90 62.8 -10.6626 3.02871 -4.72625 12.05 113.093 164.143
3   7    1        4.70921 12.6627 0 13.51 90 69.6 -10.6806 1.4812 -4.31059 11.6125 111.79 172.105
3   7    2        1.13634 3.05554 0 3.26 90 69.6 -2.57727 0.357419 -10.4859 10.8039 166.064 172.105
3   7    3        1.49014 2.8995 0 3.26 90 62.8 -2.57291 0.730835 -10.5862 10.9189 165.821 164.143
4   0    0        -4.70921 12.6627 0 13.51 90 110.4 -9.51145 5.0796 -4.31059 11.6125 111.79 151.895
4   0    1        -6.17539 12.016 0 13.51 90 117.2 -10.4064 3.81704 -4.72625 12.05 113.093 159.857
4   0    2        -1.49014 2.8995 0 3.26 90 117.2 -2.5111 0.921061 -10.5862 10.9189 165.821 159.857
4   0    3        -1.13634 3.05554 0 3.26 90 110.4 -2.29514 1.22572 -10.4859 10.8039 166.064 151.895
4   1    0        -3.17677 13.1312 0 13.51 90 103.6 -8.48264 6.27071 -4.00943 11.2851 110.811 143.527
4   1    1        -4.70921 12.6627 0 13.51 90 110.4 -9.51145 5.0796 -4.31059 11.6125 111.79 151.895
4   1    2        -1.13634 3.05554 0 3.26 90 110.4 -2.29514 1.22572 -10.4859 10.8039 166.064 151.895
4   1    3        -0.766563 3.16859 0 3.26 90 103.6 -2.04688 1.51314 -10.4133 10.7199 166.264 143.527
4   2    0        -1.59964 13.415 0 13.51 90 96.8 -7.33448 7.37359 -3.82703 11.082 110.202 134.848
4   2    1        -3.17677 13.1312 0 13.51 90 103.6 -8.48264 6.27071 -4.00943 11.2851 110.811 143.527
4   2    2        -0.766563 3.16859 0 3.26 90 103.6 -2.04688 1.51314 -10.4133 10.7199 166.264 143.527
4   2    3        -0.385997 3.23707 0 3.26 90 96.8 -1.76983 1.77927 -10.3693 10.6686 166.395 134.848
4   3    0        0 13.51 0 13.51 90 90 -6.08314 8.37273 -3.76594 11.0132 109.996 126
4   3    1        -1.59964 13.415 0 13.51 90 96.8 -7.33448 7.37359 -3.82703 11.082 110.202 134.848
4   3    2        -0.385997 3.23707 0 3.26 90 96.8 -1.76983 1.77927 -10.3693 10.6686 166.395 134.848
4   3    3        0 3.26 0 3.26 90 90 -1.46788 2.02036 -10.3545 10.6514 166.44 126
4   4    0        1.59964 13.415 0 13.51 90 83.2 -4.74622 9.25407 -3.82703 11.082 110.202 117.152
4   4    1        0 13.51 0 13.51 90 90 -6.08314 8.37273 -3.76594 11.0132 109.996 126
4   4    2        0 3.26 0 3.26 90 90 -1.46788 2.02036 -10.3545 10.6514 166.44 126
4   4    3        0.385997 3.23707 0 3.26 90 83.2 -1.14528 2.23303 -10.3693 10.6686 166.395 117.152
4   5    0        3.17677 13.1312 0 13.51 90 76.4 -3.34252 10.0052 -4.00943 11.2851 110.811 108.473
4   5    1        1.59964 13.415 0 13.51 90 83.2 -4.74622 9.25407 -3.82703 11.082 110.202 117.152
4   5    2        0.385997 3.23707 0 3.26 90 83.2 -1.14528 2.23303 -10.3693 10.6686 166.395 117.152
4   5    3        0.766563 3.16859 0 3.26 90 76.4 -0.806558 2.41429 -10.4133 10.7199 166.264 108.473
4   6    0        4.70921 12.6627 0 13.51 90 69.6 -1.89179 10.6156 -4.31059 11.6125 111.79 100.105
4   6    1        3.17677 13.1312 0 13.51 90 76.4 -3.34252 10.0052 -4.00943 11.2851 110.811 108.473
4   6    2        0.766563 3.16859 0 3.26 90 76.4 -0.806558 2.41429 -10.4133 10.7199 166.264 108.473
4   6    3        1.13634 3.05554 0 3.26 90 69.6 -0.456494 2.56158 -10.4859 10.8039 166.064 100.105
4   7    0        6.17539 12.016 0 13.51 90 62.8 -0.414449 11.0766 -4.72625 12.05 113.093 92.1428
4   7    1        4.70921 12.6627 0 13.51 90 69.6 -1.89179 10.6156 -4.31059 11.6125 111.79 100.105
4   7    2        1.13634 3.05554 0 3.26 90 69.6 -0.456494 2.56158 -10.4859 10.8039 166.064 100.105
4   7    3        1.49014 2.8995 0 3.26 90 62.8 -0.100008 2.67282 -10.5862 10.9189 165.821 92.1428
